<?xml version="1.0" standalone="no"?>
<!DOCTYPE svg PUBLIC "-//W3C//DTD SVG 20010904//EN"
 "http://www.w3.org/TR/2001/REC-SVG-20010904/DTD/svg10.dtd">
<svg version="1.0" xmlns="http://www.w3.org/2000/svg"
 width="50.000000pt" height="77.000000pt" viewBox="0 0 50.000000 77.000000"
 preserveAspectRatio="xMidYMid meet">
<metadata>
Created by potrace 1.10, written by Peter Selinger 2001-2011
</metadata>
<g transform="translate(0.000000,77.000000) scale(0.100000,-0.100000)"
fill="#000000" stroke="none">
<path d="M197 673 c-4 -3 -7 -67 -7 -140 l0 -134 -22 7 c-82 25 -108 53 -108
117 0 60 16 89 62 113 21 11 27 19 20 26 -16 16 -71 -22 -93 -64 -32 -63 -21
-136 27 -180 11 -9 40 -22 67 -28 l47 -12 0 -129 0 -129 155 0 c97 0 155 4
155 10 0 6 -42 10 -106 10 l-105 0 30 37 c26 31 31 46 31 88 -1 57 -20 87 -72
110 -31 13 -26 14 90 15 94 0 123 3 119 13 -3 9 -38 12 -135 11 l-132 -1 0
119 c0 119 0 119 23 112 35 -10 56 -34 69 -76 10 -34 38 -54 38 -28 0 20 -40
89 -57 99 -13 8 11 10 90 11 88 0 107 3 107 15 0 13 -23 15 -143 15 -79 0
-147 -3 -150 -7z m73 -319 c40 -27 50 -45 50 -93 0 -52 -3 -58 -44 -89 -52
-40 -56 -33 -56 88 0 119 3 125 50 94z"/>
<path d="M5 259 c16 -75 68 -129 124 -129 20 0 21 2 11 15 -7 8 -18 15 -26 15
-23 0 -65 44 -78 85 -18 51 -41 62 -31 14z"/>
</g>
</svg>
